x y
0.06171076409909593 0.10154603202733282
0.07130049145484922 0.10081716367593463
0.08090446784143092 0.10004615665978447
0.090523003544084 0.0992289321763743
0.10015626139473954 0.09836137662534221
0.10980424477382937 0.09743935972063658
0.11946676634222231 0.09645875187225156
0.12914345688438844 0.09541542250549427
0.13883379995676773 0.0943052453884806
0.1485371140936388 0.0931241049725895
0.1582525491101199 0.09186789284161002
0.16797910872740782 0.0905325220082882
0.17771562751170966 0.08911395053223745
0.1874607690723109 0.08760817418832108
0.1972130532168826 0.08601122075607326
0.20697086317602342 0.08431915803391603
0.2167324323057664 0.08252811474110133
0.22649584357313396 0.08063428738740594
0.23625902673716714 0.07863393546270302
0.24601977635910338 0.07652337587579398
0.2557757393877728 0.07429900464807913
0.2655244190551902 0.0719573036527598
0.275263193740331 0.06949484821450676
0.2849893056912793 0.06690832269959027
0.2946998492796411 0.06419453175875495
0.3043917959087202 0.061350391718512864
0.31406201888002216 0.05837294057116047
0.3237072880715305 0.0552593394044998
0.33332425956758976 0.052006888325933226
0.34290947827938256 0.04861303417409686
0.3524593988541069 0.04507536504477096
0.3619703687477706 0.04139162197963115
0.37143863033871094 0.03755971800949655
0.3808603778138108 0.0335777297813805
0.39023175819731903 0.02944390358353384
0.39954886414954577 0.025156651021802506
0.4088077193663928 0.02071457297680962
0.41800426877945934 0.016116474907716782
0.4271344097236529 0.011361354196984974
0.4361940060861301 0.006448403945578246
0.4451788863814451 0.001377021156840852
0.4540848641405809 -0.0038532151261881364
0.4629077393916191 -0.009242533677932763
0.4716432875660008 -0.014790963187710116
0.4802872598416063 -0.020498338766625435
0.48883539466275566 -0.026364311661041973
0.4972834340750215 -0.032388353221097066
0.5056271314953728 -0.03856976195232348
0.5138622621711286 -0.04490767720670297
0.521984636462963 -0.051401089700826796
0.5299900864566637 -0.05804883120779475
0.5378744025867962 -0.06484955131951534
0.5456333674125059 -0.07180174051349084
0.5532627911624372 -0.07890374651106656
0.5607585224989073 -0.0861537698438846
0.5681164589193946 -0.09354989039761605
0.5753325484763615 -0.1010900535555481
0.5824027700022073 -0.10877204781032102
0.5893231448634594 -0.11659351899166175
0.5960897481473202 -0.1245519709933755
0.6026987175550809 -0.13264476076296283
0.609146268323563 -0.14086909755640087
0.6154286947297802 -0.1492220387736551
0.6215423758793119 -0.15770049252238083
0.6274837909978195 -0.1663012402006318
0.6332495214937759 -0.17502093666109492
0.6388362519885243 -0.1838561206605175
0.6442407774070542 -0.19280321390597274
0.6494599975301082 -0.2018585298051982
0.654490919007994 -0.21101828652632382
0.6593306499025344 -0.22027860695764886
0.6639764029331363 -0.2296355244721236
0.6684255096823593 -0.23908499097234975
0.6726754212165913 -0.24862287100524402
0.6767237120948041 -0.25824495267676895
0.6805680764901172 -0.26794695532423907
0.6842062949991515 -0.27772453383827855
0.6876362383635882 -0.287573288922012
0.6908558772325479 -0.297488781815212
0.6938632777805761 -0.3074665415523082
0.696656624206771 -0.317502069119104
0.6992342159820567 -0.3275908344722298
0.7015944709637746 -0.33772827588292903
0.7037359173112956 -0.34790981329780346
0.7056571757433779 -0.35813084060112776
0.707356952217323 -0.3683867258825485
0.7088340610686764 -0.3786728205282731
0.7100874339684916 -0.38898446644665663
0.7111161276233596 -0.3993169920834798
0.7119193280403058 -0.40966571393614887
0.7124963480578266 -0.42002594595804055
0.7128466320915883 -0.4303929942149522
0.7129697403096296 -0.4407621546085363
0.712865324134976 -0.45112870909714753
0.712533106981671 -0.4614879255617376
0.7119728893377312 -0.4718350628128557
0.7111845599285085 -0.48216536165960905
0.7101680908328802 -0.49247403614294893
0.7089235505186566 -0.5027562743178047
0.7074510997602181 -0.5130072369531768
0.7057509866250458 -0.5232220480246252
0.7038235453470458 -0.5333957901442781
0.7016692050416914 -0.5435235014203315
0.6992884937579497 -0.5536001650275579
0.6966820398537792 -0.5636207102499047
0.6938505744911914 -0.5735800128004898
0.6907949236757109 -0.5834728875696054
0.6875160216351595 -0.5932940963975877
0.6840149375760769 -0.6030383506835052
0.6802928742420445 -0.6127003110332384
0.6763511665355937 -0.6222746004504669
0.6721912791608667 -0.6317558074821655
0.6678148082867862 -0.6411384790586471
0.663223499319302 -0.6504171349028605
0.6584192550657477 -0.6595862871859042
0.653404148750304 -0.6686404508347683
0.6481804379608481 -0.6775741500980208
0.6427505663442584 -0.6863819256275502
0.6371171636630296 -0.6950583409852562
0.6312830225979041 -0.7035979931829239
0.6252510955171101 -0.7119955265988808
0.6190244929211857 -0.720245640967472
0.6126064675283338 -0.7283430953279235
0.6060004318938198 -0.736282716080264
0.5992099553397843 -0.7440594033401492
0.592238768633428 -0.751668150057374
0.5850907604385347 -0.759104046297444
0.5777699739554931 -0.7663622870028696
0.5702806017826183 -0.7734381748248516
0.562626982269633 -0.7803271358801828
0.5548135953375377 -0.7870247323099371
0.5468450499838575 -0.7935266609166987
0.5387260691882579 -0.79982875220248
0.5304614869583238 -0.8059269770206374
0.5220562589853969 -0.8118174482158508
0.5135154523247408 -0.8174964249137662
0.5048442446932793 -0.8229603174730946
0.49604791365611034 -0.8282056955383322
0.4871318055158856 -0.8332292830581871
0.47810133629577095 -0.8380279498451088
0.4689619925360554 -0.8425987146226879
0.4597193060549323 -0.8469387566965407
0.45037884455630894 -0.8510453969629422
0.4409462302930729 -0.8549160969709668
0.43142714253839953 -0.8585484611201348
0.42182731432302806 -0.8619402305562852
0.4121525369480007 -0.8650892805469386
0.40240865282274274 -0.8679936234973387
0.39260154130836256 -0.8706514072278588
0.3827371225842493 -0.8730609114040413
0.37282135486259127 -0.8752205347782127
0.36286020200990204 -0.8771287819287993
0.3528596647433522 -0.878784273899037
0.34282578471256414 -0.8801857543112648
0.332764659312349 -0.8813320817151117
0.3226824312841322 -0.8822222410426559
0.3125852898824574 -0.8828553537068374
0.30247946888611754 -0.8832306760767558
0.29237125072366543 -0.8833476042694807
0.28226696013978947 -0.8832056756843228
0.27217295760650595 -0.8828045642809796
0.2620956553972489 -0.8821440966939798
0.2520415155090794 -0.8812242638149609
0.24201702794219496 -0.8800452198281342
0.23202870301784057 -0.8786072809137196
0.22208306759301857 -0.8769109329251566
0.21218665709452014 -0.8749568355234822
0.20234600166886302 -0.8727458222326474
0.19256761293918465 -0.8702789101020467
0.18285799284599538 -0.8675573060794283
0.1732236205367378 -0.8645824074790219
0.16367095603072718 -0.8613557974586117
0.15420642929044595 -0.8578792539468318
0.1448364304473893 -0.8541547431042554
0.13556730214731139 -0.8501844252029522
0.1264053295111401 -0.8459706556686147
0.11735673298847928 -0.8415159902788742
0.10842766445490734 -0.8368231777018595
0.09962420912348938 -0.8318951508926602
0.09095237528954392 -0.8267350346317028
0.08241807332610761 -0.8213461352329201
0.0740271207800218 -0.815731931209915
0.06578523423174407 -0.8098960768950283
0.057698031850861684 -0.8038423959632078
0.04977102457697078 -0.7975748810609268
0.04200961646789968 -0.7910976800212721
0.034419091849241 -0.7844150901842503
0.027004616196574845 -0.7775315519561118
0.01977125068600924 -0.7704516425095074
0.012723954121708014 -0.7631800730358221
0.005867568098464664 -0.7557216777978543
-0.0007931801922874092 -0.7480814169151534
-0.007253706960974354 -0.7402643758822757
-0.013509577549337487 -0.7322757619291642
-0.019556503541334078 -0.7241209000303376
-0.025390350362583775 -0.715805224795353
-0.031007129553843098 -0.7073342603814455
-0.03640300524511038 -0.6987136192993838
-0.041574295921022936 -0.6899490156134769
-0.04651746763213331 -0.6810462610041446
-0.0512291347935782 -0.6720112606784715
-0.05570606256393469 -0.6628500065387496
-0.05994516804275698 -0.6535685733555694
-0.06394352109169252 -0.6441731159829633
-0.06769835499289555 -0.6346698622750265
-0.07120705885268383 -0.6250651133691506
-0.07446718935795195 -0.6153652407699172
-0.0774764661373587 -0.6055766862008567
-0.08023278173497937 -0.5957059647098617
-0.08273419962521453 -0.5857596643742131
-0.08497895729769828 -0.5757444380739145
-0.08696548138091188 -0.565667005173476
-0.08869237729895987 -0.5555341459115127
-0.090158430992881 -0.5453526838996313
-0.0913626040461201 -0.5351294834909102
-0.09230402738048177 -0.5248714516550979
-0.0929820207898666 -0.5145855255594748
-0.09339608559966336 -0.5042786816917565
-0.09354590517300285 -0.49395793564067003
-0.09343135136324693 -0.48363032900627057
-0.09305249506341412 -0.47330292953436515
-0.09240958865768564 -0.4629828238163939
-0.09150306464650854 -0.45267710747191964
-0.09033352977433737 -0.44239288073805516
-0.08890175636252684 -0.4321372521762664
-0.08720866494703672 -0.421917331070724
-0.08525531765052138 -0.4117402189051102
-0.0830429283714762 -0.40161299147429214
-0.08057286187912072 -0.39154269342243814
-0.07784663336596606 -0.3815363432843695
-0.07486590869533663 -0.3716009296550768
-0.07163250201885324 -0.3617434006279001
-0.06814837993068215 -0.3519706586505018
-0.06441567470885431 -0.34228956393212256
-0.06043668492566644 -0.3327069309106326
-0.056213876225800395 -0.3232295184849667
-0.051749881277562304 -0.3138640047212221
-0.047047499036868334 -0.30461697326850745
-0.04210969106058998 -0.29549489034714804
-0.036939586809584604 -0.2865040976026707
-0.031540480784084654 -0.2776508204379162
-0.025915841112492247 -0.26894116905625365
-0.020069310906038 -0.26038113860821444
-0.014004701551847937 -0.25197659259891175
-0.007725982769979156 -0.2437332464020871
-0.0012372820614149904 -0.23565666296120685
0.005457095909194229 -0.22775222662341663
0.012352667693986158 -0.2200251142870543
0.019444779449039835 -0.21248030242971758
0.026728608202905253 -0.20512256208731158
0.03419913969676115 -0.1979564227287232
0.041851139402725356 -0.19098613543487059
0.049679222764238536 -0.18421572266115321
0.05767787458485511 -0.1776489852810209
0.06584146129941738 -0.17128950370452703
0.07416423807596285 -0.16514063013270214
0.0826403763955195 -0.1592054969239166
0.09126398070662231 -0.15348703647855189
0.10002908096297249 -0.1479879705773556
0.10892964273595568 -0.14271082428954907
0.11795958344498172 -0.13765794910240148
0.12711278355998085 -0.13283152807999163
0.13638311062337335 -0.12823358471073834
0.14576441983977098 -0.12386599176541618
0.15525055801787804 -0.1197304682761714
0.1648353727970085 -0.11582859011520562
0.17451271051760342 -0.1121617936871959
0.18427641689551144 -0.10873138469894456
0.19412035448304407 -0.10553855013200916
0.20403840672655998 -0.10258435801409169
0.21402447613625594 -0.09986976267992237
0.22407248596168153 -0.09739561226442302
0.2341763737773754 -0.0951626554965985
0.24433008978536772 -0.09317155144142909
0.2545275868489852 -0.09142285023048155
0.2647628290383578 -0.08991700190810675
0.27502981368554474 -0.08865436469951472
0.2853225478233629 -0.08763519293236761
0.2956350515047103 -0.08685963433160827
0.3059613572374167 -0.08632771260903326
0.3162955064754014 -0.08603933596763269
0.3266315592733296 -0.08599430840192823
0.33696359637815554 -0.08619233037711393
0.34728571187594176 -0.08663298448346936
0.3575920332495315 -0.08731574397564212
0.36787672096994206 -0.08823998408038221
0.3781339701763685 -0.08940497807027939
0.38835800430707934 -0.09080988871236641
0.3985430870083773 -0.09245378504685388
0.40868353886920755 -0.09433564704368375
0.41877371876068853 -0.09645436737058745
0.42880801219433523 -0.0988087383612564
0.43878084685018615 -0.101397443132695
0.4486866805675474 -0.10421904791347225
0.45851999182976166 -0.1072720126791656
0.46827528138550945 -0.11055468720071518
0.47794707319471086 -0.11406532403901096
0.4875299121185714 -0.11780208918291014
0.4970183657845929 -0.1217630588222502
0.5064070218608481 -0.1259462365084793
0.5156905229484746 -0.13034954845237223
0.5248636818313326 -0.13497088007164268
0.5339213666711528 -0.13980802662190023
0.542858473336324 -0.14485868263643653
0.5516699362585465 -0.15012042413130108
0.5603507357319757 -0.15559068766314382
0.5688959024531017 -0.1612667733825473
0.5773005021113317 -0.16714585104519736
0.5855596381268705 -0.17322496197341758
0.5936684546313995 -0.17950099823366739
0.6016221386632152 -0.18597070851044234
0.6094159238029423 -0.19263070497952028
0.6170451168339359 -0.19947745831274974
0.6245050941892833 -0.2065073011413649
0.6317913013989748 -0.21371643791344686
0.6388992717965443 -0.2211009421191985
0.6458246298252144 -0.22865674603418953
0.6525630807096395 -0.2363796334676979
0.6591104227084336 -0.24426526249178498
0.6654625550000333 -0.2523091708553959
0.6716154765601737 -0.2605067761411305
0.6775652799357357 -0.26885337421104727
0.6833081533998872 -0.2773441449238946
0.6888404039951821 -0.28597415890983396
0.6941584490167396 -0.2947383790045535
0.6992588278426514 -0.3036316647658367
0.7041382036881388 -0.3126487772905166
0.7087933615056417 -0.32178438392586534
0.7132211880316521 -0.33103305227624624
0.7174186779126969 -0.34038925790532926
0.7213829557033968 -0.3498473907234547
0.7251113039309738 -0.359401754350835
0.7286011530170226 -0.36904658124820605
0.7318500617824807 -0.3787760452563201
0.7348557224337864 -0.388584262198512
0.7376159471083412 -0.39846528129808967
0.7401286876533791 -0.40841309422073313
0.7423920296873469 -0.4184216395959875
0.7444042050282993 -0.42848481079549217
0.7461635864684705 -0.4385964502484515
0.7476686816602779 -0.4487503554922996
0.748918135685798 -0.4589402836611334
0.7499107274957773 -0.4691599494844712
0.7506453712813776 -0.47940303210818014
0.7511211007487107 -0.48966318863699704
0.7513370691019127 -0.4999340431763087
0.7512925424864205 -0.5102091690668615
0.7509869042114454 -0.5204820853466757
0.7504196674211165 -0.5307462601357094
0.7495904870765651 -0.5409951178042446
0.7484991506212846 -0.5512220392858935
0.747145560447935 -0.5614203530972051
0.7455297620655487 -0.5715833343537692
0.7436519677915223 -0.5817041966565253
0.7415125660059636 -0.5917760974327123
0.7391121258509318 -0.6017921477531195
0.7364513745761279 -0.6117454113963526
0.7335312042516163 -0.6216288953965082
0.7303526724801045 -0.6314355467896875
0.7269170032233147 -0.6411582558575666
0.7232255843404696 -0.6507898517985239
0.7192799718534317 -0.6603231056254686
0.71508188839894 -0.6697507311000628
0.7106332351692487 -0.6790653944136393
0.7059361101991383 -0.6882597282175775
0.7009928418531693 -0.6973263371395253
0.6958059816362288 -0.7062577983141536
0.6903782903659135 -0.7150466648806157
0.6847127521346534 -0.7236854761816505
0.6788125987880147 -0.7321667774542929
0.6726813073460607 -0.7404831230501423
0.6663225942660619 -0.748627085302984
0.6597404337189909 -0.7565912680156265
0.6529390618640533 -0.7643683098502374
0.6459229652261791 -0.7719508932536062
0.6386968740707673 -0.7793317662889888
0.6312657590952513 -0.7865037435471571
0.6236348431665537 -0.7934597126510625
0.6158095847546087 -0.8001926477199894
0.6077956801438816 -0.8066956247154253
0.5995990792929425 -0.8129618260107389
0.5912259954252019 -0.818984551833019
0.5826829016413326 -0.8247572418635063
0.5739765271851713 -0.8302734786148745
0.5651138480238342 -0.8355269975568353
0.5561020879999699 -0.8405117010550294
0.5469487238465337 -0.8452216671506472
0.5376614991576371 -0.8496511625568218
0.5282484005363827 -0.8537946648337332
0.5187176595322345 -0.8576468702601774
0.5090777389398732 -0.861202704022618
0.4993373322545396 -0.8644573305013628
0.4895053638979906 -0.8674061730802161
0.4795909830389028 -0.8700449287118985
0.4696035520292568 -0.8723695845636448
0.4595526454081649 -0.8743764300517047
0.44944803271370354 -0.8760620768815154
0.4392996803328223 -0.8774234713612336
0.4291177414430817 -0.8784579053117184
0.4189125391215516 -0.8791630295952884
0.40869454066926586 -0.879536871376972
0.3984743019907326 -0.8795778283188859
0.38826248217077197 -0.8792846880505312
0.37806983870412847 -0.8786566553434324
0.3679072208585807 -0.8776933568969354
0.3577855586788024 -0.8763948461011224
0.3477158279616791 -0.8747616169839834
0.33770903158136506 -0.8727946068266559
0.327776178315816 -0.8704952088159207
0.3179282375975567 -0.8678652734974529
0.30817611846135334 -0.864907106924068
0.2985306601832581 -0.861623467969852
0.2890026256158927 -0.8580175693289736
0.27960266569767267 -0.8540930667975106
0.2703413038721679 -0.8498540577922442
0.26122891134380566 -0.8453050846097023
0.25227568129967903 -0.8404511330802122
0.24349159334875206 -0.8352976237915983
0.23488639450699736 -0.8298504013613097
0.2264695790758692 -0.8241157207440731
0.21825037812763162 -0.8181002362992301
0.2102377290576442 -0.8118109779028433
0.20244023450933318 -0.8052553399889035
0.19486615271005478 -0.7984410713147114
0.18752337523540483 -0.7913762521792694
0.1804194152892294 -0.7840692778453888
0.17356139948124003 -0.7765288484583276
0.16695604648295947 -0.7687639485887824
0.16060964685674753 -0.7607838226112187
0.15452804775999784 -0.7525979474312565
0.14871664242460925 -0.7442160048007207
0.14318036339355095 -0.735647867225665
0.13792367440313616 -0.7269035743891643
0.13295056730023785 -0.7179933129214402
0.12826455438413398 -0.7089273790914403
0.1238686582062074 -0.6997161365043478
0.11976541859206444 -0.690369995335459
0.11595690059700728 -0.6808993804424762
0.1124446951013307 -0.6713147030209824
0.10922992435489476 -0.6616263352353908
0.10631325238699504 -0.6518445847252324
0.10369489328112788 -0.6419796790141233
0.10137461877318926 -0.6320417259936626
0.0993517862922543 -0.6220407005932054
0.09762536119501464 -0.6119864249588886
0.0961939440573576 -0.6018885486471198
0.09505579782692414 -0.5917565412932406
0.09420887294540739 -0.58159968019272
0.09365083432350352 -0.57142704307599
0.09337906913638247 -0.5612474954828993
0.09339072978646965 -0.551069689493633
0.09368278287164698 -0.5409020839655252
0.09425200217806157 -0.5307529360079086
0.09509494709156982 -0.5206302904722493
0.09620798102187468 -0.5105419847205739
0.09758729554338938 -0.5004956492454199
0.09922891985993007 -0.4904986920200881
0.10112871231314857 -0.4805583121705561
0.10328237538575635 -0.4706815131265936
0.10568548084144747 -0.46087511537284276
0.10833346450207447 -0.4511457676518226
0.11122162682131086 -0.44149995100031886
0.11434512648349919 -0.43194398671164513
0.11769897691706155 -0.4224840395658017
0.12127805222083152 -0.41312611748613876
0.125077097193925 -0.40387607871645853
0.12909073341869504 -0.39473963018339003
0.1333134776509431 -0.38572234003583716
0.13773974271609793 -0.3768296444989457
0.14236382868033826 -0.3680668458478941
0.14717990657622537 -0.35943910297659915
0.15218203135825 -0.3509514394864622
0.15736413399356589 -0.3426087331879762
0.1627200063169016 -0.3344157214357387
0.16824328953498535 -0.32637701052524215
0.17392749471184799 -0.3184970746030201
0.17976600853367006 -0.3107802584400995
0.18575208825070902 -0.30323078229774986
0.1918788595704464 -0.2958527365466422
0.19813931552070455 -0.2886500465380968
0.20452631343717695 -0.28162644928651426
0.21103258243629064 -0.2747855156215788
0.2176507292016982 -0.26813064286051375
0.22437323603598347 -0.2616650553780194
0.2311924500730973 -0.2553918033401952
0.23810055820039094 -0.24931374300969458
0.24508962724158123 -0.24343352364666365
0.25215163342281083 -0.2377535624477298
0.25927844218183127 -0.23227602894814842
0.26646179369685663 -0.22700283347115668
0.2736933220931248 -0.22193563431323513
0.2809645456221278 -0.21707582004534445
0.2882668474354674 -0.2124244912098227
0.2955914972126329 -0.20798245246423597
0.30292966782062947 -0.20375019437437109
0.3102724665574197 -0.19972787076211565
0.31761096384339044 -0.19591526935169065
0.3249362121191987 -0.19231178732997914
0.33223923750842566 -0.1889164356580915
0.3395110398178857 -0.18572786853121634